0.000000000000000000e+00 2.825363825363825754e+01
-8.000000000000000000e+01 -7.727650727650727447e+01
6.000000000000000000e+01 6.380457380457380623e+01
-6.000000000000000000e+01 -7.577962577962577484e+01
-1.000000000000000000e+01 -3.386694386694386338e+01
2.000000000000000000e+01 3.424116424116424184e+01
-2.000000000000000000e+01 -5.632016632016631519e+01
-7.000000000000000000e+01 -8.251559251559251607e+01
3.000000000000000000e+01 3.424116424116424184e+01
-3.000000000000000000e+01 -7.802494802494803139e+01
-5.000000000000000000e+01 -8.625779625779625803e+01
1.000000000000000000e+01 3.648648648648649839e+01
-5.000000000000000000e+01 -7.540540540540540349e+01
-1.000000000000000000e+01 -2.600831600831600809e+01
1.000000000000000000e+01 2.975051975051975717e+01
7.000000000000000000e+01 6.343035343035344908e+01
6.000000000000000000e+01 7.316008316008316115e+01
-7.000000000000000000e+01 -7.802494802494803139e+01
4.000000000000000000e+01 4.621621621621622467e+01
3.000000000000000000e+01 1.178794178794179004e+01
2.000000000000000000e+01 3.012474012474012852e+01
4.000000000000000000e+01 5.669438669438670786e+01
-4.000000000000000000e+01 -3.162162162162162105e+01
-8.000000000000000000e+01 -7.016632016632016189e+01
-4.000000000000000000e+01 -2.432432432432420910e+00
5.000000000000000000e+01 5.145530145530145205e+01
7.000000000000000000e+01 6.492723492723493450e+01
5.000000000000000000e+01 6.567567567567567721e+01
-2.000000000000000000e+01 -2.825363825363825043e+01
0.000000000000000000e+00 -1.309771309771306846e+00
-6.000000000000000000e+01 -7.577962577962577484e+01
-3.000000000000000000e+01 6.923076923076934008e+00
