-6.000000000000000000e+01 -5.550000000000000000e+01
5.000000000000000000e+01 5.475000000000000000e+01
0.000000000000000000e+00 4.875000000000000000e+00
6.000000000000000000e+01 6.112500000000000000e+01
-2.000000000000000000e+01 -3.562500000000000000e+01
-2.000000000000000000e+01 -4.875000000000000000e+01
-8.000000000000000000e+01 -8.025000000000000000e+01
2.000000000000000000e+01 3.262500000000000000e+01
-7.000000000000000000e+01 -6.750000000000000000e+01
-7.000000000000000000e+01 -7.950000000000000000e+01
-5.000000000000000000e+01 -7.950000000000000000e+01
2.000000000000000000e+01 2.550000000000000000e+01
-6.000000000000000000e+01 -4.612500000000000000e+01
-1.000000000000000000e+01 -5.250000000000000000e+00
5.000000000000000000e+01 4.650000000000000000e+01
-3.000000000000000000e+01 -4.050000000000000000e+01
3.000000000000000000e+01 5.137500000000000000e+01
2.000000000000000000e+01 4.275000000000000000e+01
-1.000000000000000000e+01 1.837500000000000000e+01
7.000000000000000000e+01 6.412500000000000000e+01
4.000000000000000000e+01 6.225000000000000000e+01
4.000000000000000000e+01 7.237500000000000000e+01
1.000000000000000000e+01 4.687500000000000000e+01
5.000000000000000000e+01 6.487500000000000000e+01
-1.000000000000000000e+01 2.775000000000000000e+01
-8.000000000000000000e+01 -4.425000000000000000e+01
2.000000000000000000e+01 -3.375000000000000000e+00
-6.000000000000000000e+01 -5.550000000000000000e+01
-1.000000000000000000e+01 -3.150000000000000000e+01
-7.000000000000000000e+01 -6.600000000000000000e+01
-7.000000000000000000e+01 -7.912500000000000000e+01
7.000000000000000000e+01 3.787500000000000000e+01
3.000000000000000000e+01 1.612500000000000000e+01
0.000000000000000000e+00 3.000000000000000000e+00
5.000000000000000000e+01 6.075000000000000000e+01
-2.000000000000000000e+01 5.250000000000000000e+00
-3.000000000000000000e+01 -2.137500000000000000e+01
-6.000000000000000000e+01 -5.887500000000000000e+01
-3.000000000000000000e+01 -7.687500000000000000e+01
7.000000000000000000e+01 2.662500000000000000e+01
4.000000000000000000e+01 3.975000000000000000e+01
5.000000000000000000e+01 5.925000000000000000e+01
2.000000000000000000e+01 6.750000000000000000e+01
0.000000000000000000e+00 2.625000000000000000e+01
6.000000000000000000e+01 5.625000000000000000e+01
-4.000000000000000000e+01 -4.200000000000000000e+01
-5.000000000000000000e+01 -7.012500000000000000e+01
-8.000000000000000000e+01 -8.062500000000000000e+01
-5.000000000000000000e+01 -6.750000000000000000e+00
-8.000000000000000000e+01 -8.700000000000000000e+01
3.000000000000000000e+01 2.812500000000000000e+01
0.000000000000000000e+00 -4.125000000000000000e+00
7.000000000000000000e+01 5.025000000000000000e+01
-5.000000000000000000e+01 -7.275000000000000000e+01
4.000000000000000000e+01 5.100000000000000000e+01
0.000000000000000000e+00 5.250000000000000000e+00
-2.000000000000000000e+01 -2.775000000000000000e+01
-6.000000000000000000e+01 -6.900000000000000000e+01
-4.000000000000000000e+01 -6.937500000000000000e+01
1.000000000000000000e+01 1.650000000000000000e+01
1.000000000000000000e+01 -1.875000000000000000e+01
-7.000000000000000000e+01 -6.750000000000000000e+01
-2.000000000000000000e+01 -2.850000000000000000e+01
1.000000000000000000e+01 2.175000000000000000e+01
3.000000000000000000e+01 3.787500000000000000e+01
6.000000000000000000e+01 5.587500000000000000e+01
-4.000000000000000000e+01 -5.400000000000000000e+01
6.000000000000000000e+01 6.225000000000000000e+01
1.000000000000000000e+01 3.750000000000000000e+00
-4.000000000000000000e+01 -5.287500000000000000e+01
6.000000000000000000e+01 5.100000000000000000e+01
-5.000000000000000000e+01 -6.150000000000000000e+01
4.000000000000000000e+01 2.250000000000000000e+01
-3.000000000000000000e+01 -3.600000000000000000e+01
-1.000000000000000000e+01 -8.250000000000000000e+00
-3.000000000000000000e+01 -2.362500000000000000e+01
7.000000000000000000e+01 5.100000000000000000e+01
-4.000000000000000000e+01 -4.387500000000000000e+01
3.000000000000000000e+01 2.812500000000000000e+01
-8.000000000000000000e+01 -7.650000000000000000e+01
