6.000000000000000000e+01 7.893442622950820464e+01
-3.000000000000000000e+01 -4.463114754098360493e+01
0.000000000000000000e+00 -9.590163934426229275e+00
3.000000000000000000e+01 1.733606557377049739e+01
-4.000000000000000000e+01 -4.758196721311475130e+01
-2.000000000000000000e+01 -3.430327868852458550e+01
-1.000000000000000000e+01 -1.881147540983606348e+01
0.000000000000000000e+00 -3.282786885245901232e+01
-2.000000000000000000e+01 -4.500000000000000000e+01
-6.000000000000000000e+01 -7.192622950819671246e+01
-3.000000000000000000e+01 -4.795081967213114638e+01
-4.000000000000000000e+01 -5.975409836065573188e+01
-9.000000000000000000e+01 -9.479508196721312174e+01
-5.000000000000000000e+01 -5.680327868852458550e+01
-5.000000000000000000e+01 -6.491803278688524870e+01
-5.000000000000000000e+01 -5.053278688524589768e+01
1.000000000000000000e+01 2.581967213114765514e+00
5.000000000000000000e+01 5.569672131147541450e+01
4.000000000000000000e+01 3.135245901639345334e+01
7.000000000000000000e+01 8.188524590163936523e+01
-3.000000000000000000e+01 -4.758196721311475130e+01
-2.000000000000000000e+01 -3.172131147540983420e+01
4.000000000000000000e+01 4.426229508196720985e+01
0.000000000000000000e+00 -1.254098360655737565e+01
2.000000000000000000e+01 2.545081967213116059e+01
-1.000000000000000000e+01 -2.139344262295081478e+01
-8.000000000000000000e+01 -8.483606557377049739e+01
-6.000000000000000000e+01 -6.565573770491803884e+01
-6.000000000000000000e+01 -8.409836065573770725e+01
3.000000000000000000e+01 6.676229508196720985e+01
-8.000000000000000000e+01 -9.848360655737704406e+01
-2.000000000000000000e+01 -3.651639344262294884e+01
-7.000000000000000000e+01 -8.815573770491803884e+01
-9.000000000000000000e+01 -9.737704918032787305e+01
7.000000000000000000e+01 9.073770491803279015e+01
-7.000000000000000000e+01 -8.077868852459016580e+01
4.000000000000000000e+01 5.090163934426229275e+01
-2.000000000000000000e+01 -2.840163934426229275e+01
3.000000000000000000e+01 2.508196721311476551e+01
-6.000000000000000000e+01 -7.561475409836064898e+01
-1.000000000000000000e+01 -9.590163934426229275e+00
3.000000000000000000e+01 3.098360655737705827e+01
1.000000000000000000e+01 4.426229508196726670e+00
-8.000000000000000000e+01 -8.704918032786885362e+01
-1.000000000000000000e+01 -1.290983606557377072e+01
-9.000000000000000000e+01 -9.368852459016393652e+01
-9.000000000000000000e+01 -9.848360655737704406e+01
5.000000000000000000e+01 6.676229508196720985e+01
5.000000000000000000e+01 5.385245901639345334e+01
-7.000000000000000000e+01 -6.676229508196720985e+01
7.000000000000000000e+01 8.778688524590165798e+01
1.000000000000000000e+01 3.061475409836066319e+01
1.000000000000000000e+01 1.954918032786885362e+01
4.000000000000000000e+01 5.901639344262295594e+01
-8.000000000000000000e+01 -9.036885245901639507e+01
3.000000000000000000e+01 4.204918032786886783e+01
6.000000000000000000e+01 6.528688524590165798e+01
0.000000000000000000e+00 -1.475409836065566083e+00
-3.000000000000000000e+01 -2.176229508196720985e+01
-1.000000000000000000e+01 -2.176229508196720985e+01
-5.000000000000000000e+01 -4.426229508196720985e+01
4.000000000000000000e+01 5.163934426229508290e+01
-9.000000000000000000e+01 -8.704918032786885362e+01
-7.000000000000000000e+01 -7.192622950819671246e+01
6.000000000000000000e+01 8.040983606557378494e+01
2.000000000000000000e+01 1.733606557377049739e+01
2.000000000000000000e+01 3.319672131147541450e+01
-4.000000000000000000e+01 -3.135245901639343913e+01
-7.000000000000000000e+01 -8.114754098360656087e+01
-5.000000000000000000e+01 -4.204918032786884652e+01
7.000000000000000000e+01 7.008196721311475130e+01
0.000000000000000000e+00 -1.401639344262294173e+01
2.000000000000000000e+01 3.024590163934426812e+01
2.000000000000000000e+01 1.659836065573770725e+01
7.000000000000000000e+01 7.413934426229508290e+01
-8.000000000000000000e+01 -7.635245901639343913e+01
6.000000000000000000e+01 6.528688524590165798e+01
-4.000000000000000000e+01 -5.717213114754098058e+01
-4.000000000000000000e+01 -3.836065573770491710e+01
-3.000000000000000000e+01 -3.504098360655737565e+01
5.000000000000000000e+01 6.307377049180328754e+01
5.000000000000000000e+01 7.266393442622953103e+01
1.000000000000000000e+01 1.991803278688524870e+01
6.000000000000000000e+01 7.487704918032787305e+01
-6.000000000000000000e+01 -5.643442622950819754e+01
